201
167
194
256
262
356
284
221
410
1078
340
1314
428
397
344
1861
307
2076
565
488
1245
2539
507
469
1488
366
577
3268
561
3500
476
1237
1910
564
421
4239
2151
1461
703
4727
657
5009
1416
561
2690
5491
677
587
600
1932
1589
6404
586
1288
754
2246
3491
7496
778
7552
3659
651
622
1492
1425
7917
2070
2583
643
8184
554
8510
4524
676
2351
1381
1718
9395
903
484
4909
9909
788
1877
5124
3482
1521
10254
678
1413
2710
3544
5404
2115
713
11490
672
1366
819
19069
2123
19621
1820
803
6203
20547
696
21248
1427
4326
858
21951
2275
2830
3417
1675
7187
2126
915
1891
7177
4883
3780
859
838
25753
829
5071
1657
26685
1545
2489
8049
792
2144
28174
2801
28601
884
5515
8475
2027
732
3615
8689
797
4370
31137
759
31683
2418
2171
1348
3738
1677
34157
9700
6669
1127
3057
687
37658
5488
1718
10415
38168
1027
2238
2146
2613
5849
41311
3624
898
1752
7367
10838
38932
872
40097
1635
7196
3004
4430
3732
2436
5575
849
2252
41996
890
42292
11334
1657
784
44574
1539
46369
1131
7894
19347
3650
2379
4956
20619
3178
2222
2774
1081
48864
6763
9122
22023
5362
926
4429
21859
9357
1892
2945
5019
51364
1177
872
23833
55469
3060
61397
3679
1722
4515
62809
2000
5861
7833
11317
2825
66053
1428
67150
2534
855
8471
1074
6372
3373
4896
12020
1329
69964
1324
3856
30646
2535
1286
70970
6483
5563
2295
4309
32712
73081
2267
7218
3134
12159
9098
74758
1181
75212
2913
2069
33422
1830
3599
78103
35430
4680
1367
78225
7103
80236
10472
2848
2807
6065
1203
3278
4518
13993
10197
82964
1158
8431
5648
1796
38491
3834
1199
6500
38368
23614
3113
8860
2932
86643
1923
24160
4826
87019
2279
87513
39652
1155
10888
90455
7765
4545
1540
25379
4104
3401
1018
2085
42579
25945
6330
7011
2054
94673
11818
5517
42738
9791
1408
96807
2824
26354
2767
4910
3036
1179
6399
3719
45121
99392
4218
99668
1294
2325
2227
100409
8578
10142
12605
2875
46531
102355
1338
3866
48340
2601
2296
10571
8907
104706
3825
6259
5540
7805
4787
108165
3222
1347
7090
4408
1084
108181
2989
31149
51008
110162
1310
1687
50831
5875
13602
111240
2195
4118
1168
32947
52562
11411
1982
114543
51681
3200
1640
111844
10061
5279
23950
1266
4864
5905
3172
119175
6376
33147
23416
7862
3208
10656
2325
29851
2974
104773
1384
104532
49462
6162
7040
2319
9304
7898
21642
2356
5786
106857
1187
106966
4219
3821
21960
3596
9060
108925
2022
1046
2937
109719
5038
10848
51746
32214
1437
111554
1113
5470
23168
32813
52734
1841
2817
114215
53971
2458
3416
114931
1737
115299
4060
4191
54379
117019
2180
8191
5963
34343
7508
5592
9696
2454
2644
6581
55892
119095
1480
5190
56685
3303
2458
12043
1136
121547
7948
36091
1150
124307
5770
4547
3164
1717
4325
8755
10263
127503
1530
37023
59748
125341
1356
20523
3522
2358
27387
126736
2386
9000
1266
2604
60990
20426
5644
6148
4888
38513
2203
131760
3811
133432
28155
1109
62707
4581
2043
3823
6690
7335
2992
5451
10920
21352
8898
40075
64079
1536
1246
137209
69258
40747
2946
22708
1993
137764
30488
7640
1722
4297
3224
9666
65997
4727
29678
141202
4336
5708
1395
2690
67311
141275
6285
23118
68824
1053
8992
142893
2601
143439
2715
43669
5318
3160
1146
145595
2907
43628
4015
10192
11913
6804
9274
1923
71038
147691
1201
4444
7305
45122
4936
149075
1868
2600
32481
45342
3404
151569
1309
156434
5748
8476
33096
2267
20288
154387
2937
4000
7825
6325
2655
155283
73940
5309
1799
158100
20790
159075
4502
3135
76746
11239
2312
1108
76534
2973
34548
5159
1304
162216
10546
49086
76466
26778
6811
1898
4125
8910
1590
162538
21885
167229
3690
5704
3365
164380
1321
7566
2075
4222
37365
165035
22723
27668
5841
9217
6087
168211
1997
167444
80167
2936
10481
2794
4980
4537
38006
51734
8600
7860
1385
170816
81587
1065
2528
171371
23608
12184
2900
53062
4472
173537
2855
29087
1214
53618
5751
6944
3383
175346
39402
1717
84223
29592
3891
5546
85314
54240
1301
178586
2228
5330
2097
5992
86626
19842
7736
179718
8886
9790
11028
4710
2589
2268
40196
55594
88379
182787
1343
20522
3528
57371
42114
3862
2521
186716
2096
955
9137
6079
7830
187624
90014
1099
3344
8532
5442
188952
4988
3062
6816
189228
4217
32261
91150
10276
2856
21636
1303
192107
6048
59287
4175
32912
1188
192441
94636
3568
2881
194938
26772
21821
44373
2364
94223
7563
1270
197037
1675
61039
44457
197057
5586
4066
11940
4783
95335
5655
2056
9578
3681
3750
1152
34272
27774
200310
44973
62588
9712
22822
1801
7813
98507
6663
45813
203312
2857
6220
1741
10996
99046
9883
8713
3318
4672
63623
20516
206054
1324
206931
4249
65405
5186
36094
2925
6027
101303
1928
5581
209614
29389
209793
20862
1763
7508
211239
3377
212794
10423
66021
2542
2400
29747
37461
3168
4017
103949
213759
1641
4815
104372
66912
49013
2734
6293
2192
7168
67454
2536
5474
9125
218380
7809
2592
22045
220779
2617
223506
5831
5387
107193
220671
1439
38582
108615
2920
4416
9853
4042
8576
22306
11887
3805
1070
9217
223993
108866
70137
2246
225046
1297
228952
3316
7391
111061
228407
5337
26598
11254
1712
52312
6386
32814
40954
1683
3500
111814
4818
1310
7378
5708
5827
24149
41015
33354
234102
54028
20127
2034
233821
2993
10554
113760
7731
53280
27695
2606
235428
3856
73838
114834
9536
1991
4867
116145
20881
4338
240471
4307
2709
54574
75943
117217
2709
2413
242427
9507
75398
6152
242119
34984
5868
7681
1317
5742
245810
10332
10086
2627
80601
2786
263442
7255
43802
57303
4128
121130
29921
1767
5102
5419
21962
57416
44427
3578
249756
2639
3292
12016
248942
1160
29562
121773
2002
8027
251477
36497
11118
1334
22184
123382
251802
5681
44985
4432
6042
3258
6005
1859
255230
4586
81468
9035
46315
10540
256933
124897
5064
1731
2747
37373
9157
60007

